J=2 even_cat — parallel per-pattern low-rank
workers=1  takagi_rank=4
build=0.001s  hafnian=1.125s  total=1.126s
sum_P=1.00000000

nbar  P
(0, 0)  7.93730458e-01
(1, 1)  1.83235632e-01
(2, 2)  1.01652391e-02
(0, 2)  3.66945339e-03
(2, 0)  3.66945325e-03
(4, 0)  1.84437587e-03
(0, 4)  1.84437587e-03
(3, 1)  6.99150559e-04
(1, 3)  6.99150559e-04
(3, 3)  1.35450222e-04
(1, 5)  1.22661509e-04
(5, 1)  1.22661509e-04
(2, 4)  3.05374774e-05
(4, 2)  3.05374774e-05
(4, 4)  4.28744790e-07
(3, 5)  2.17387953e-07
(5, 3)  2.17387953e-07
